0
0
0
1
1
1
1
0
0
0
0
0
0
0
0
0
0
0
0
0
0
0
1
1
1
1
1
1
0
0
0
1
1
1
1
1
1
1
0
0
0
0
0
1
1
1
1
1
0
0
0
1
1
1
1
1
1
1
1
0
0
0
0
0
0
0
0
0
0
0
0
0
0
0
0
1
1
1
1
0
1
0
2
2
2
2
2
2
2
2
2
2
2
2
2
0
1
1
1
0
1
0
2
0
1
1
1
1
1
0
0
0
0
0
2
0
0
0
1
0
1
0
2
0
0
1
1
1
0
0
0
0
0
0
2
0
0
0
0
0
1
0
2
2
2
2
2
2
2
2
2
2
0
0
2
2
2
2
2
0
0
0
0
1
1
1
1
1
0
0
0
2
1
1
1
1
0
0
2
0
0
1
0
0
0
0
0
0
0
1
0
2
0
1
1
1
1
0
2
0
0
1
1
2
2
2
2
0
1
1
0
2
0
0
2
2
2
2
2
0
0
1
1
2
0
0
2
0
1
1
0
2
0
0
2
0
0
0
0
0
1
1
1
2
0
0
2
0
1
1
0
2
0
0
2
0
1
1
1
0
0
0
0
2
0
0
2
0
1
1
0
2
0
0
2
0
0
1
1
0
2
2
2
2
0
0
2
0
1
1
0
2
0
0
2
0
0
0
1
0
0
0
0
0
1
0
2
0
1
1
0
2
0
0
2
2
2
2
0
0
0
0
1
1
1
0
2
0
1
0
0
2
0
1
0
0
0
2
0
0
0
1
1
1
1
0
2
0
0
0
0
2
0
1
1
0
0
2
0
1
1
1
1
1
1
0
2
2
2
2
2
2
0
1
1
1
0
2
0
1
1
1
1
1
1
0
0
0
1
1
1
1
0
0
0
0
0
2
0
1
0
14
17
<<<<<<< HEAD
19
=======
19
>>>>>>> 89e1f066a1d6c2cfd93a676c4d0854729ff2d182
